3
4
14683 1402
3454 7199
9407 7212
5987 4262
14238 1172 0 0 -1 1
15127 1631 0 0 -1 1
13350 713 0 0 -1 1
16015 2090 0 0 -1 1
13661 1470 -491 252 153 1
14959 1738 -142 90 148 1
12800 1061 -467 294 148 1
15817 2111 -169 18 174 1
13017 1851 -547 323 140 1
14637 1916 -273 151 154 1
12204 1508 -506 380 130 1
15514 2155 -257 37 169 1
12447 2207 -484 302 125 1
14220 2201 -354 242 137 1
11623 2073 -493 479 112 1
15066 2250 -381 81 163 1
11963 2509 -411 256 143 1
13712 2543 -432 290 147 1
11006 2700 -524 532 130 1
14510 2428 -472 151 151 1
11367 2832 -506 274 160 1
13021 2935 -612 337 152 1
10482 3232 -445 452 144 1
13977 2675 -428 205 145 1
10690 3145 -575 266 167 1
12409 3272 -520 286 142 1
10037 3684 -378 384 162 1
13362 2952 -522 235 159 1
10083 3330 -485 127 167 1
11889 3558 -442 243 160 1
9540 4184 -452 454 178 1
12642 3215 -612 223 172 1
9423 3554 -560 190 151 1
11257 3891 -558 293 150 1
9088 4638 -384 385 191 1
12124 3358 -418 111 174 1
8667 3782 -642 193 169 1
10699 4184 -474 249 168 1
8512 4968 -489 280 196 1
11510 3507 -522 126 169 1
7833 4030 -709 210 164 1
10060 4433 -543 211 180 1
7840 5167 -570 168 204 1
10794 3681 -608 148 166 1
7083 4253 -637 189 163 1
9329 4583 -621 127 198 1
7110 5215 -620 40 217 1
9987 3853 -685 146 173 1
6314 4293 -659 -103 145 1
8521 4680 -686 82 189 1
6386 5325 -609 231 235 1
9106 3961 -749 91 191 1
5504 4317 -688 20 140 1
7637 4793 -751 96 171 1
5777 5556 -517 196 217 1
8185 3979 -782 15 203 1
4732 4403 -656 72 142 1
6706 4955 -791 137 160 1
5260 5752 -439 166 224 1
7204 3970 -833 -7 187 1
4073 4479 -559 64 124 1
5915 5092 -672 116 161 1
4821 5918 -373 141 242 1
6175 4001 -874 26 169 1
3504 4580 -484 85 106 1
5243 5208 -571 98 164 1
4448 6059 -317 119 225 1
5226 4069 -806 57 151 1
2930 4828 -488 210 119 1
4672 5306 -485 83 146 1
3979 6055 -398 -3 219 1
4365 4185 -732 98 133 1
2423 5138 -431 263 101 1
4187 5389 -412 70 128 1
3394 5980 -497 -63 201 1
3556 4449 -687 224 115 1
1973 5545 -709 214 83 1
3775 5460 -350 60 110 1
2769 5821 -203 -4 214 1
2848 4846 -601 337 97 1
1338 5918 -539 316 65 1
3425 5521 -297 51 92 1
2573 6163 -159 435 196 1
2268 5027 -499 9 79 1
930 6374 -346 387 47 1
3183 5763 -205 205 74 1
2414 6598 -135 369 214 1
1791 5080 -405 44 63 1
741 6879 -161 429 37 1
3090 6134 -79 315 56 1
2279 6967 -114 313 230 1
1527 5265 -224 157 45 1
734 7367 -5 414 21 1
3011 6449 -67 267 38 1
2165 7280 -96 266 248 1
1481 5513 -38 210 27 1
763 7799 25 367 28 1
2944 6716 -56 226 29 1
2069 7546 -81 226 266 1
1638 5768 133 216 13 1
794 8167 26 312 10 1
2888 6942 -47 192 38 1
1988 7772 -68 192 284 1
1971 5994 282 192 3 1
1002 8453 176 243 352 1
2841 7134 -39 163 20 1
1920 7964 -57 163 302 1
2448 6231 405 201 13 1
1298 8700 106 328 344 1
3002 7304 136 144 2 2
1934 8069 157 -29 320 1
3049 6474 510 206 12 1
1594 8966 251 226 342 1
3320 7406 270 86 347 2
2259 7931 276 -117 327 1
3759 6666 603 163 356 2
2032 9120 372 131 339 1
3786 7454 396 40 349 2
2728 7762 398 -143 345 1
4549 6789 671 104 348 2
2579 9154 464 28 331 1
4380 7466 504 10 352 2
3299 7622 485 -118 1 2
5313 6893 649 88 360 2
3217 9086 542 -58 331 1
5084 7462 597 -3 356 2
3980 7521 579 -85 5 2
6006 6973 589 68 350 2
3905 8947 584 -118 331 1
5822 7449 627 -10 356 2
4596 7435 523 -73 358 2
6622 7027 523 46 333 2
4659 8742 641 -174 333 1
6449 7439 532 -8 338 2
5312 7414 608 -18 15 2
7190 7041 482 12 325 2
5478 8481 696 -221 334 1
6981 7431 452 -6 320 2
5920 7396 516 -15 0 2
7774 6918 496 -104 307 2
6287 8167 555 19 316 1
7434 7425 449 -4 302 2
6628 7413 94 -276 18 2
8270 6814 421 -88 289 2
6933 8015 549 -129 298 1
7883 7421 381 -3 284 2
6921 7154 249 -219 5 2
8691 6726 357 -74 271 2
7530 7790 517 -123 280 1
8264 7418 323 -2 266 2
7270 6885 287 -297 23 2
9048 6652 303 -62 253 2
7792 7611 205 -143 280 1
8877 7275 538 -130 249 3
7557 6588 243 -252 41 2
9351 6590 257 -52 235 2
7969 7270 150 -289 262 1
9159 7200 223 -40 241 3
7800 6336 206 -214 53 2
9767 6308 369 -262 217 2
8101 6917 130 -175 259 1
9310 7005 128 -165 245 3
7986 5990 139 -419 39 2
10135 6046 312 -222 199 2
8241 6546 119 -315 273 1
9393 6645 70 -305 257 3
8125 5571 118 -356 23 2
10336 5822 170 -190 181 2
8421 6079 170 -221 291 1
9453 6299 50 -293 256 3
8342 5276 166 -426 34 2
10315 5690 -18 -111 163 2
8621 5842 -204 -263 309 1
9513 6042 241 -46 238 3
8614 4846 230 -375 52 2
10210 5636 96 -146 149 2
8585 5470 -30 -316 327 1
9487 5999 -28 -33 222 3
8872 4548 219 -253 70 2
10377 5481 148 -135 137 2
8647 5097 -22 -191 323 1
9283 5877 -172 -104 207 3
9110 4403 277 -248 88 2
10411 5509 28 23 125 2
8680 4882 27 -183 336 1
8927 5702 -302 -148 201 3
9332 4347 188 -47 106 2
10337 5702 -62 163 121 2
8652 4622 -60 -255 354 1
8512 5664 -344 24 215 3
9607 4317 262 -47 123 2
10124 5996 -180 250 139 2
8788 4409 115 -181 12 1
8047 5543 -395 -102 230 3
9863 4278 217 -32 124 2
9768 6324 -302 279 156 2
8903 4228 97 -153 30 1
7620 5362 -362 -153 248 3
10034 4282 144 3 142 2
9324 6620 -377 251 173 3
9063 4145 135 -70 48 1
7251 5183 -313 -152 255 3
10177 4285 121 2 160 2
8774 6837 -467 184 191 3
9211 4104 125 -34 66 1
6943 4934 -261 -211 273 3
10298 4287 102 1 178 2
8147 6932 -532 80 209 3
9336 4070 106 -28 84 1
6716 4595 -192 -288 285 3
10392 4286 80 -1 196 2
7491 6879 -557 -45 227 3
9442 4042 90 -23 102 1
6566 4111 -127 -411 282 0
10301 4182 -77 -88 211 2
6934 6833 -473 -39 245 3
9282 3994 -194 -47 116 1
6539 3527 -22 -496 300 0
10341 3973 92 -171 229 2
6423 6598 -434 -200 259 3
9087 3948 -165 -39 134 1
6666 2897 107 -535 318 0
10342 3624 1 -296 243 2
6013 6199 -348 -338 277 3
8748 4001 -288 45 152 1
6909 2216 206 -578 313 0
10249 3151 -78 -401 242 2
5750 5680 -223 -441 295 3
8263 4081 -412 67 170 1
7290 1541 323 -573 331 0
10136 2553 -95 -508 260 2
5627 5066 -104 -522 300 3
7653 4120 -518 33 188 1
7805 913 437 -533 344 0
9989 1852 -124 -596 255 2
5672 4410 37 -557 318 0
6955 4065 -593 -46 206 1
8408 268 512 -548 326 0
9861 1056 -108 -676 269 2
5858 3719 157 -587 318 0
6218 3880 -626 -157 224 1
9043 -438 539 -599 308 0
9798 185 -53 -740 283 2
6170 3006 265 -605 321 0
5592 3722 -532 -134 242 1
9535 -1084 398 -568 326 0
10223 -120 552 -68 275 2
6621 2330 383 -574 339 0
5059 3583 -452 -118 260 1
9933 -1652 338 -482 308 0
10852 -369 534 -211 293 2
7204 1746 495 -496 357 0
4635 3267 -360 -268 278 1
10271 -2134 287 -409 312 0
11403 -779 468 -348 275 2
7892 1302 584 -377 15 0
4363 2819 -231 -380 296 1
10558 -2543 243 -347 330 0
11826 -1322 359 -461 257 2
8666 987 658 -267 18 0
4271 2295 -78 -445 314 1
10801 -2890 206 -294 348 0
12094 -1961 227 -543 243 2
9498 798 707 -160 24 0
4370 1756 83 -458 332 1
11007 -3184 175 -249 6 0
12185 -2650 77 -585 227 2
10377 734 747 -54 29 0
4650 1263 237 -418 350 1
11182 -3433 148 -211 19 0
12087 -3332 -83 -579 209 2
11189 750 690 13 47 0
5085 873 369 -331 8 1
11007 -3644 -237 -179 37 0
12130 -3949 126 -524 191 2
11916 842 617 78 65 0
5646 597 477 -234 16 1
10885 -3659 -103 -12 55 0
12256 -4473 107 -445 173 2
12564 1117 550 233 81 0
6310 435 564 -137 21 1
10900 -3509 12 127 54 0
12188 -4836 -57 -308 155 2
13112 1361 466 207 98 0
7059 373 637 -52 22 1
11041 -3229 119 238 50 0
11985 -5008 -172 -145 137 2
13578 1568 396 175 113 0
7881 396 699 19 22 1
11294 -2842 214 328 48 0
11716 -4978 -228 25 119 2
13974 1743 336 148 131 0
8769 480 754 71 19 1
11631 -2356 286 412 52 0
11450 -4757 -226 188 101 2
14310 1891 285 125 138 0
9680 670 774 161 37 1
12020 -1779 330 490 58 0
11248 -4370 -171 328 83 2
14595 2016 242 106 138 1
10479 856 679 158 45 1
12420 -1132 339 550 66 0
11162 -3861 -73 432 65 2
14708 2275 96 220 130 1
11262 1114 665 219 44 1
12794 -486 317 548 70 0
11218 -3276 47 497 50 2
14638 2607 -59 282 146 1
11989 1419 618 259 54 1
13118 262 275 635 88 0
11394 -2626 149 552 50 2
14391 2957 -209 297 160 1
12607 1678 525 220 72 1
13362 1004 207 630 106 0
11658 -1910 224 608 55 2
13993 3319 -338 307 161 1
12755 2201 -14 556 90 1
13835 1497 541 307 124 0
12001 -1145 291 650 53 2
13457 3657 -455 287 171 1
12710 2852 -38 553 108 1
14304 1864 398 312 140 1
12314 -463 266 579 55 2
12802 3958 -556 255 176 1
12575 3530 -49 458 126 1
14521 2261 184 337 155 1
12656 296 290 644 67 2
12033 4199 -718 323 194 1
12364 4106 -179 489 144 1
14524 2683 2 358 155 1
12967 1139 264 716 84 2
11115 4536 -779 286 176 1
11995 4657 -313 468 162 1
14380 3177 -122 420 137 1
13238 2055 230 778 88 2
10146 4884 -823 295 162 1
11483 5146 -435 415 174 1
14127 3748 -215 485 131 1
13433 3030 165 828 100 2
9194 5242 -809 304 154 1
10848 5575 -539 364 176 1
14040 4659 41 898 148 1
13228 3724 -288 466 111 2
8385 5546 -687 258 153 1
10110 5960 -627 327 174 1
13887 5605 -130 804 166 1
12882 4381 -294 558 107 2
7571 5872 -692 276 152 1
9329 6331 -663 315 164 1
13565 6464 -273 730 164 1
12476 5105 -344 615 124 2
6812 6202 -645 280 141 1
8466 6660 -733 279 176 1
13102 7256 -393 673 162 1
12027 5889 -382 666 122 2
6166 6483 -548 238 123 1
7698 6933 -653 231 190 1
12526 8010 -489 641 156 1
11554 6733 -401 717 117 2
5618 6721 -465 202 105 1
6848 7129 -722 166 190 1
11888 8785 -541 658 138 1
11091 7640 -393 771 108 2
5153 6923 -395 171 88 1
6055 7284 -674 131 189 1
11347 9443 -459 559 156 1
10633 8600 -389 816 109 2
4758 7094 -335 145 70 1
5316 7389 -628 89 202 1
10925 10028 -172 627 174 1
10203 9585 -552 706 91 2
4423 7239 -284 123 80 1
5272 7604 123 211 184 1
10617 10626 -261 508 192 1
9651 10291 -469 600 109 2
4061 7348 -324 89 62 1
5197 7787 -63 155 188 1
10183 11034 -369 346 210 1
9182 10891 -398 510 91 2
3737 7437 -275 75 44 2
4935 7918 -222 111 187 1
9661 11251 -443 184 220 1
8784 11401 -338 433 91 2
3462 7512 -233 63 38 2
4602 7977 -282 50 205 1
9079 11291 -494 34 226 1
8446 11834 -287 368 109 2
3229 7575 -198 53 28 2
4320 8027 -239 42 217 1
8456 11172 -529 -101 230 1
8159 12202 -243 312 127 2
3038 7629 -162 46 10 2
3997 7958 -274 -58 233 1
7796 10920 -561 -214 229 1
7916 12514 -206 265 145 2
2885 7674 -130 38 352 2
3745 7786 74 -98 232 1
7122 10545 -572 -319 235 1
7709 12779 -175 225 163 2
2822 7670 -341 -50 354 2
3817 7687 61 -84 214 1
6462 10061 -560 -411 242 1
7334 13001 -318 188 181 2
2664 7553 -134 -99 340 2
3706 7544 -94 -121 199 2
5876 9516 -498 -462 259 1
6827 13124 -431 104 199 2
2551 7450 -96 -87 350 2
3451 7420 -216 -105 181 2
5326 8861 -467 -556 255 1
6263 13128 -479 2 217 2
2617 7346 56 -88 354 2
3803 7447 356 28 163 2
4750 8137 -489 -615 237 1
5669 12966 -504 -137 235 2
2597 7251 -22 -81 12 2
3380 7047 1 -592 145 2
4356 7578 -286 -446 224 1
5107 12638 -478 -279 253 2
2241 7157 -1151 -113 26 2
3322 6506 -49 -459 139 2
4070 7132 -243 -379 212 1
4622 12159 -412 -407 268 2
1090 7044 -978 -96 35 2
3172 6216 -127 -246 121 2
3827 6753 -206 -322 218 2
4252 11556 -314 -512 282 2
112 6948 -831 -81 25 2
2848 6078 -320 -148 120 2
3718 6496 -47 -187 200 2
3969 10846 -240 -603 279 2
-520 6891 -537 -48 7 2
2384 6069 -394 -7 136 2
3671 6309 -39 -158 218 2
3818 10068 -128 -660 297 2
-876 6928 -302 31 25 2
1864 6217 -441 126 129 2
3632 6151 -33 -134 207 2
3708 9374 -93 -590 298 2
-998 7047 -103 100 26 2
1351 6530 -435 265 111 2
3599 6017 -28 -113 197 2
3667 8591 -35 -665 285 2
-952 7281 38 198 42 2
871 6990 -407 390 103 2
3571 5904 -23 -96 203 2
3726 7749 50 -715 298 2
-743 7582 178 255 31 2
478 7580 -334 501 86 2
3548 5808 -19 -81 221 2
3811 6837 72 -775 280 2
-434 7988 262 345 49 2
977 7918 707 168 98 2
3395 5397 -210 -548 239 2
4017 6392 255 -179 286 2
-258 8369 121 335 45 2
1669 8143 587 191 105 2
3185 4849 -178 -465 257 2
4272 6213 216 -152 283 2
-137 8704 102 284 34 2
2208 8409 457 225 123 2
3007 4384 -151 -395 275 2
4488 6061 183 -129 265 2
-35 8988 86 241 16 2
2661 8637 385 193 141 2
2856 3989 -128 -335 293 2
4671 5932 155 -109 267 2
51 9229 73 204 358 2
2859 8902 168 224 159 2
2832 3535 -20 -386 311 2
4778 5629 90 -257 256 2
291 9372 204 121 340 2
3027 9126 142 190 141 2
2983 3046 128 -415 329 2
4882 5172 88 -388 274 2
657 9375 310 2 324 2
3169 9316 120 161 140 2
3265 2511 239 -454 322 2
4980 4584 83 -499 273 2
1156 9312 424 -53 341 2
3289 9477 102 136 158 2
3666 1939 340 -485 324 2
5125 3895 123 -585 288 2
1770 9197 522 -97 342 2
3391 9613 86 115 176 2
4191 1379 446 -475 338 2
5303 3118 151 -660 286 2
2484 9045 607 -129 344 2
3477 9728 73 97 194 2
4831 856 544 -444 346 2
5560 2288 218 -705 302 2
3284 8864 680 -153 345 2
3550 9825 62 82 212 2
5575 426 631 -365 4 2
5875 1408 267 -747 299 2
4150 8650 736 -181 342 2
3612 9907 52 69 230 2
6189 -6 512 -401 22 2
6410 1158 541 125 298 2
4984 8417 708 -198 332 2
3664 9976 44 58 248 2
6701 -407 435 -340 40 2
7001 1095 502 -53 285 2
5860 8137 744 -237 334 2
3694 9834 25 -120 266 2
7136 -747 369 -289 58 2
7538 845 456 -212 280 2
6606 7898 634 -203 316 2
3767 9520 62 -266 284 2
7505 -1036 313 -245 76 2
7966 435 363 -348 262 2
7240 7695 538 -172 306 2
3935 9084 142 -370 302 2
7814 -1218 262 -154 94 2
8244 -94 236 -449 245 2
7823 7383 495 -265 288 2
4230 8585 250 -423 320 2
7908 -1364 -76 -421 112 2
8437 -512 320 -57 227 2
8318 7118 420 -225 279 2
4665 8087 370 -423 338 2
7747 -1604 -136 -203 115 2
8583 -665 124 -130 209 2
8738 6893 357 -191 261 2
5199 7557 454 -450 327 2
7517 -1630 -195 -22 118 2
8511 -833 -61 -142 191 2
9095 6702 303 -162 243 3
5760 7040 476 -439 328 2
7274 -1458 -206 146 104 2
8251 -951 -220 -99 173 2
9398 6540 257 -137 247 3
6419 6520 559 -442 336 2
7000 -1124 -233 283 110 2
7850 -965 -341 -12 155 2
9564 6225 141 -267 243 3
7127 5944 601 -489 318 2
6541 -663 -442 386 92 2
7582 -818 -175 129 137 2
9630 5773 56 -383 248 3
7911 5374 666 -484 336 2
6154 -85 -328 491 74 2
7310 -514 -231 258 119 2
9686 5390 47 -325 239 3
8588 4889 575 -412 354 2
5938 572 -183 558 56 2
7054 -127 -217 328 101 2
9733 5065 39 -276 241 3
8925 4389 -208 -597 12 2
5904 1264 -29 588 42 2
6861 400 -163 447 83 2
9799 4799 106 -209 223 3
8890 3888 -29 -425 29 2
6046 1951 120 583 30 2
6783 1028 -66 534 65 2
9905 4590 90 -177 205 3
8979 3581 75 -260 45 2
6327 2646 238 591 35 2
6775 1753 -6 616 73 2
9995 4413 76 -150 193 3
9127 3385 125 -166 41 2
6735 3343 346 592 32 2
6861 2500 72 635 55 2
10071 4263 64 -127 182 3
9372 3379 208 -5 53 2
7237 3974 426 536 14 2
6933 3135 61 539 73 2
9943 4191 -109 -61 164 3
9587 3415 132 -99 71 2
7663 4510 362 455 356 2
6994 3674 51 458 77 2
9725 4387 -134 296 146 3
9719 3316 112 -84 89 2
8025 4965 307 386 14 2
7045 4132 43 389 59 2
9591 4683 -113 251 164 3
9831 3232 95 -71 107 2
8332 5351 260 328 3 2
7088 4521 36 330 42 2
9349 4929 -205 209 182 3
9926 3161 80 -60 125 2
8568 5699 169 320 345 2
7163 4868 63 295 24 2
9186 4920 166 -256 186 3
10006 3101 68 -51 143 2
8737 6019 143 272 327 2
7412 5227 211 305 19 2
9213 4616 22 -258 199 3
9891 3131 -97 25 156 2
8880 6291 121 231 309 2
7656 5557 207 280 37 2
9086 4307 -108 -263 199 3
9652 3171 -203 33 174 2
9001 6522 102 196 291 2
7989 5880 282 274 19 2
8792 4041 -249 -226 181 3
9262 3272 -331 85 160 2
9111 6694 93 146 289 3
8352 6193 308 266 26 2
8543 3815 -211 -192 163 3
8954 3342 -248 51 166 2
9317 6916 251 240 275 3
8547 6383 88 109 8 2
8099 3774 -505 47 148 3
8706 3393 -210 43 169 2
9568 7156 213 204 272 3
8635 6492 74 92 357 2
7594 3821 -429 39 130 3
8496 3436 -178 36 151 2
9781 7360 181 173 254 3
8709 6584 62 78 339 2
7134 3937 -391 98 112 3
8318 3472 -151 30 142 2
9962 7533 153 147 236 3
8771 6662 52 66 338 2
6743 4035 -332 83 126 3
7999 3588 -271 98 153 2
10083 7655 102 103 218 3
8823 6728 44 56 356 2
6411 4118 -282 70 108 0
7550 3777 -381 160 153 2
10118 7734 29 66 200 3
9058 6832 199 88 14 3
6129 4188 -239 59 90 0
6973 3979 -490 171 168 2
10145 7800 22 56 182 3
9427 7026 313 164 32 3
5890 4247 -203 50 72 0
6629 4199 183 110 150 2
10189 8099 161 425 195 3
9654 7048 69 -151 50 3
5655 4302 -247 54 54 0
6633 4396 3 167 154 2
10182 8415 -5 268 213 3
9723 6898 58 -127 68 3
5408 4356 -209 45 36 0
6453 4589 -153 163 172 2
10028 8549 -130 114 222 3
9795 6968 60 59 86 3
5199 4401 -177 38 18 0
6104 4717 -296 109 190 2
9715 8582 -265 27 204 3
9807 7221 9 215 104 3
5022 4439 -150 32 1 0
5772 4790 -41 161 208 2
9301 8475 -351 -90 222 3
9710 7606 -82 326 122 3
4922 4355 -325 -171 343 0
5731 4951 -34 136 226 2
8659 8434 -617 54 227 3
9630 7865 3 130 140 3
4770 4084 -129 -230 330 0
5676 5044 -46 78 244 2
7957 8307 -596 -108 245 3
9448 8070 -154 173 158 3
4831 3792 52 -248 342 0
5602 4924 -62 -102 262 2
7337 8000 -527 -260 263 3
9144 8253 -258 155 176 3
5079 3502 210 -246 348 0
5575 4625 -23 -254 280 2
6848 7544 -415 -387 281 3
8693 8360 -383 90 194 3
5489 3242 348 -220 356 0
5646 4194 60 -366 298 2
6530 6982 -270 -477 299 3
8140 8344 -469 -13 212 3
6034 2987 463 -216 350 0
5850 3689 173 -429 316 2
6357 6330 -147 -554 299 3
7557 8195 -495 -126 230 3
6696 2747 562 -204 353 0
6203 3172 299 -439 334 2
6304 5599 -45 -620 298 3
6988 7885 -483 -263 248 3
7457 2519 646 -194 353 0
6700 2705 422 -396 352 2
6403 4840 84 -645 316 3
6491 7422 -422 -393 266 3
8301 2294 717 -191 351 0
7321 2326 528 -321 5 2
6667 4107 224 -622 334 0
6117 6835 -317 -499 284 3
9154 2094 724 -170 356 0
8045 2047 615 -237 12 2
7089 3457 358 -552 352 0
5906 6166 -179 -568 302 3
9915 1921 646 -146 356 0
8848 1810 682 -201 0 2
7647 2898 474 -475 358 0
5880 5469 -21 -592 320 3
10735 1796 696 -105 7 0
9610 1612 647 -168 2 2
8320 2440 572 -388 5 0
6044 4802 139 -566 338 0
11431 1691 591 -89 25 0
10277 1441 566 -145 352 2
9084 2089 649 -298 11 0
6382 4212 286 -501 353 0
12022 1602 502 -75 43 0
11030 1280 640 -137 355 2
9925 1843 715 -209 15 0
6868 3715 413 -422 1 0
12524 1527 426 -63 61 0
11832 1135 681 -123 357 2
10823 1637 763 -174 1 0
7480 3272 520 -376 354 0
12950 1464 362 -53 77 0
12587 995 173 -365 8 2
11775 1528 809 -92 19 0
8200 2892 611 -322 359 0
13319 1415 360 -17 95 0
12940 718 299 -235 26 2
12606 1452 705 -64 37 0
9010 2591 688 -255 6 0
13679 1398 306 -14 113 0
13407 569 397 -126 27 2
12987 1500 -97 75 30 0
9698 2336 584 -216 20 0
14030 1380 340 -18 131 0
13899 538 417 -26 45 2
12933 1599 -46 83 29 0
10360 2158 562 -151 26 0
14370 1362 289 -15 149 1
14364 600 342 -61 63 2
12947 1736 12 116 42 0
10963 2041 512 -99 40 0
14696 1426 329 168 135 1
14737 737 317 116 81 2
12960 1853 10 99 60 0
11475 1942 435 -84 58 0
15025 1594 279 142 136 1
15044 971 218 72 91 2
12970 1952 8 84 78 0
11910 1858 369 -71 73 0
15311 1758 286 265 134 1
15233 1193 160 188 101 2
13035 2052 256 142 96 0
12222 1771 64 -131 90 0
15420 2117 93 305 152 1
15303 1543 59 297 119 2
13291 2194 217 120 114 0
12286 1640 54 -111 78 0
15374 2566 -39 381 134 1
15216 1976 -74 368 137 2
13508 2314 184 102 132 0
12412 1654 107 11 60 0
15165 3037 -177 400 152 1
14976 2452 -204 404 147 2
13692 2416 156 86 150 0
12668 1799 217 123 42 0
14791 3472 -317 369 170 1
14597 2953 -322 425 151 2
13848 2502 132 73 168 0
12898 1930 195 111 32 0
14274 3841 -439 313 180 1
14195 3527 -306 523 166 2
13959 2524 320 151 186 0
13205 2037 -1 -76 14 0
13638 4126 -540 242 188 1
13759 3992 -341 372 181 2
14120 2604 136 68 204 0
13396 1968 162 -58 2 0
12835 4371 -711 230 195 1
13218 4350 -459 304 184 2
14137 2578 108 87 221 0
13612 1904 89 -164 20 0
11924 4611 -774 204 177 1
12561 4685 -558 284 171 2
14212 2616 105 105 238 0
13833 1812 146 -151 37 0
10963 4887 -816 234 159 1
11805 5000 -642 267 171 2
14234 2632 44 118 234 0
14085 1787 188 -126 55 0
9957 5183 -855 251 162 1
10966 5302 -713 256 170 2
14218 2638 -11 79 252 0
14314 1723 193 -128 73 1
8970 5504 -838 272 152 1
10063 5620 -767 270 162 2
14193 2606 -20 -27 263 0
14504 1774 161 43 91 1
8061 5815 -772 264 151 1
9100 5928 -818 261 169 2
14116 2661 -96 111 281 0
14668 1865 170 12 109 1
7219 6128 -716 266 145 1
8263 6193 -711 225 167 2
14114 2595 -1 -55 298 0
14799 1928 111 53 127 1
6496 6400 -614 230 141 1
7359 6470 -768 235 165 2
14087 2559 -142 58 290 0
14772 2077 96 37 145 1
5882 6630 -521 195 124 1
6459 6769 -765 254 154 2
13912 2537 -187 5 297 0
14787 2107 51 1 162 1
5361 6825 -442 165 142 1
5745 7026 -150 233 169 2
13727 2540 -157 2 315 0
14638 2108 -126 0 180 1
4913 6990 -426 138 125 1
5400 7276 -293 212 175 2
13651 2484 -215 39 327 0
14409 1996 -44 -182 198 1
4487 7128 -362 117 107 1
4907 7492 -419 183 179 2
13481 2507 -144 19 340 0
14365 1814 -37 -154 182 1
4125 7245 -307 99 125 1
4718 7754 -131 232 197 2
13420 2517 -52 8 354 0
14328 1660 -31 -130 165 1
3779 7331 -296 72 143 2
4425 7872 -249 100 215 2
13541 2475 102 -35 344 0
14297 1530 -26 -110 147 1
3483 7403 -251 61 125 2
4136 7946 -245 62 213 2
13705 2398 139 -65 326 0
14271 1420 -22 -93 129 1
3232 7464 -213 51 107 2
3752 7914 -326 -27 214 2
13894 2269 160 -109 308 0
14164 1508 -90 75 115 1
3019 7515 -181 43 89 2
3783 8050 73 141 216 2
13906 2596 6 288 305 0
14089 1539 -62 24 97 1
2786 7530 -202 10 71 2
3675 8106 -92 48 205 2
14045 2773 117 150 320 0
14027 1563 -52 20 98 1
2584 7540 -171 8 53 2
3437 8018 -201 -74 223 2
14280 2761 199 -10 306 0
13975 1583 -44 17 80 1
2413 7548 -145 6 35 2
3090 7808 -295 -178 223 2
14514 2669 198 -78 293 0
13931 1600 -37 14 62 1
2268 7554 -123 5 17 2
3037 7635 3 -133 213 2
14729 2392 183 -235 275 0
14036 1752 89 128 44 1
1809 7477 -438 -79 23 2
2863 7455 -147 -153 195 2
14941 2177 196 -171 257 0
14013 1777 -189 -95 28 1
1566 7443 -206 -28 13 2
2516 7312 -294 -121 177 2
15137 2006 166 -145 239 0
14015 1716 1 -52 10 1
1485 7490 -68 40 31 2
2274 7177 -20 -180 159 2
15303 1861 141 -123 233 0
14165 1646 127 -59 353 1
1348 7718 -300 259 31 2
2253 6998 -17 -152 141 2
15444 1738 119 -104 215 0
14487 1542 273 -88 347 1
1243 8022 -89 258 13 2
2235 6847 -14 -128 123 2
15554 1555 241 -130 212 0
14599 1427 -52 -122 357 1
1353 8263 93 204 355 2
2221 6719 -11 -108 105 2
15701 1373 125 -154 209 0
14745 1326 124 -86 6 1
1640 8419 244 132 346 2
2215 6709 -4 -8 87 2
15805 1181 217 -170 197 0
14920 1285 19 -28 16 1
2074 8489 369 59 342 2
2283 6888 57 151 69 2
15894 986 75 -165 191 0
15139 1250 186 -29 358 1
2640 8513 481 20 350 2
2466 7194 155 260 51 2
15770 845 -104 -119 173 0
15325 1221 158 -24 340 1
3314 8481 573 -26 345 2
2789 7563 274 313 33 2
15485 811 -242 -29 155 0
15483 1197 134 -20 322 1
4077 8393 648 -74 342 2
3256 7928 397 310 15 2
15060 863 -361 44 156 0
15617 1177 113 -17 306 1
4898 8231 697 -137 333 2
3853 8228 507 254 357 2
14529 1013 -451 127 148 1
15730 1160 96 -14 320 1
5705 8014 685 -184 324 2
4538 8421 582 163 341 2
13903 1237 -532 190 151 1
15826 1146 81 -11 311 1
6444 7789 628 -191 323 2
5280 8484 630 53 328 2
13201 1533 -596 251 148 1
15907 1135 68 -9 329 1
7139 7502 590 -243 305 2
6061 8419 664 -55 322 2
12437 1893 -649 305 147 1
15975 1126 57 -7 347 1
7729 7259 501 -206 288 2
6814 8232 639 -158 304 2
11618 2304 -695 349 148 1
16032 1119 48 -5 5 1
8230 7053 425 -175 270 2
7515 7884 595 -295 288 2
10759 2768 -730 394 145 1
16080 1114 40 -4 23 1
8655 6878 361 -148 260 2
8178 7401 563 -410 290 2
9861 3271 -763 427 147 1
16120 1110 34 -3 41 1
9016 6730 306 -125 257 2
8568 7105 -11 -8 308 2
8932 3810 -789 458 146 1
16154 1107 28 -2 59 1
9341 6592 310 -141 240 3
8625 6909 48 -166 290 2
8048 4363 -751 469 135 1
16224 1288 59 154 77 1
9651 6451 263 -119 236 3
8760 6564 114 -293 296 2
7252 4876 -676 435 136 1
16266 1641 35 300 95 1
9914 6332 223 -101 219 3
9008 6122 210 -375 312 2
6538 5370 -607 419 123 1
16223 2125 -36 411 113 1
10137 6231 189 -85 201 3
9218 5747 178 -318 330 2
5931 5789 -515 356 105 1
16056 2687 -142 477 131 1
10141 6136 3 -80 183 3
9448 5361 93 -416 348 2
5419 6207 -434 355 87 1
15743 3267 -266 493 149 1
10018 6036 -2 4 200 3
9541 4945 79 -353 353 2
4997 6593 -358 327 69 1
15283 3808 -391 460 166 1
9822 5992 -166 -37 194 3
9620 4592 67 -300 356 2
4639 6920 -304 277 51 1
14696 4306 -499 423 169 1
9492 5853 -280 -118 212 3
9687 4292 56 -255 14 2
4335 7197 -258 235 33 1
13999 4760 -592 386 171 1
9065 5616 -362 -201 219 3
9743 4037 47 -216 15 2
4077 7432 -219 199 17 1
13211 5188 -669 363 168 1
8568 5320 -422 -251 215 3
9790 3821 39 -183 33 2
3858 7631 -186 169 10 2
12347 5596 -734 346 167 1
8108 5031 -391 -245 225 3
9829 3638 33 -155 51 2
3870 7776 9 123 353 2
11421 5997 -787 340 164 1
7717 4785 -332 -209 243 3
9862 3483 28 -131 69 2
4078 7916 177 119 5 2
10442 6392 -832 335 164 1
7385 4576 -282 -177 261 3
9890 3352 23 -111 87 2
4451 8077 316 136 12 2
9416 6775 -872 325 166 1
7103 4399 -239 -150 272 3
9913 3241 19 -94 105 2
4952 8288 425 178 22 2
8374 7206 -885 366 148 1
6864 4249 -203 -127 277 3
9825 3312 -75 60 123 2
5546 8571 504 240 32 2
7360 7725 -861 441 130 1
6661 4122 -172 -107 294 3
9750 3372 -63 51 141 2
6020 8837 271 339 18 2
6723 8094 778 -821 112 1
6489 4015 -146 -90 312 0
9687 3423 -53 43 159 2
6291 9176 230 288 0 2
7446 7465 614 -534 106 1
6343 3925 -124 -76 311 0
9634 3466 -45 36 177 2
6521 9464 195 244 342 2
8002 7122 472 -291 107 1
6219 3849 -105 -64 300 0
9589 3502 -38 30 195 2
6716 9708 165 207 324 2
8389 7012 329 -93 115 1
6263 3651 37 -168 318 0
9383 3423 -174 -67 213 2
6999 9753 240 38 306 2
8612 7089 189 65 122 1
6458 3360 165 -247 322 0
9080 3203 -257 -187 230 2
7263 9724 224 -24 290 2
8683 7316 60 192 126 1
6759 2967 256 -334 313 0
8717 2846 -308 -303 238 2
7496 9650 197 -63 280 2
8628 7672 -46 302 125 1
7133 2471 317 -421 306 0
8361 2349 -302 -422 256 2
7678 9478 154 -146 262 2
8499 8145 -109 401 116 1
7510 1865 320 -515 288 0
8655 2126 473 -36 273 2
7745 9264 -345 315 275 2
8386 8541 306 -160 131 1
7771 1310 199 -486 302 0
9190 1900 454 -192 288 2
7458 9388 -243 105 287 2
8522 8487 115 -45 148 1
7970 824 169 -413 284 0
9644 1508 385 -333 270 2
7249 9301 -177 -73 280 2
8450 8514 -60 22 159 1
8139 411 143 -351 302 0
9967 985 274 -444 252 2
7159 9049 -76 -214 296 2
8240 8544 -178 25 177 1
8282 60 121 -298 319 0
10123 379 132 -514 234 2
7096 8796 -363 -122 289 2
7863 8565 -10 -75 181 1
8587 -316 259 -319 337 0
10093 -253 -25 -536 216 2
6846 8519 -212 -235 306 2
7664 8425 -169 -119 199 1
8847 -635 220 -271 355 0
9889 -847 -173 -504 198 2
6519 8148 -298 -313 300 2
7540 8166 -84 -222 217 1
9067 -906 187 -230 13 0
9780 -1348 -89 -425 180 2
6315 7658 -173 -416 298 2
7271 7869 -229 -252 202 1
8619 -1169 -417 -225 30 0
9691 -1773 -75 -361 162 2
6200 7067 -222 -556 316 2
6973 7525 -128 -237 220 1
8389 -1322 -195 -130 21 0
9616 -2134 -63 -306 144 2
6149 6409 -43 -559 329 2
6739 7118 -198 -345 238 1
8362 -1343 -23 -17 33 0
9553 -2440 -53 -260 126 2
6277 5751 108 -558 330 2
6493 6582 -208 -455 256 1
8524 -1285 138 49 22 0
9439 -2513 -96 -61 108 2
6434 5075 128 -635 348 2
6308 6033 -151 -405 274 1
8842 -1148 270 116 26 0
9343 -2374 -81 118 90 2
6761 4461 277 -521 6 2
6158 5626 -127 -345 292 1
9299 -960 388 159 21 0
9324 -2066 -16 261 72 2
7221 4021 390 -373 24 2
6115 5181 -36 -377 310 1
9870 -720 485 204 24 0
9426 -1643 86 359 54 2
7760 3782 457 -203 42 2
6232 4709 99 -401 328 1
10490 -447 527 232 27 0
9674 -1166 210 405 36 2
8317 3752 473 -25 60 2
6525 4260 249 -381 346 1
11173 -149 580 253 23 0
10074 -699 340 396 18 2
8827 3902 433 127 78 2
6957 3892 366 -313 4 1
11764 107 501 217 17 0
10607 -251 453 380 15 2
9240 4219 351 269 96 2
7434 3624 405 -227 22 1
12265 324 425 184 35 0
11254 163 549 352 10 2
9515 4659 233 373 114 2
7992 3526 474 -83 40 1
12690 508 361 156 45 0
11973 536 610 316 7 2
9698 5087 155 363 132 2
8572 3613 492 73 58 1
13051 664 306 132 35 0
12517 854 40 283 357 2
9689 5552 -7 395 148 2
9112 3880 459 226 76 1
13366 796 310 110 53 0
12750 1096 197 205 348 2
9489 5999 -170 379 165 2
9564 4210 383 280 94 1
13676 906 263 93 71 0
13098 1252 295 132 342 2
9251 6400 -202 341 162 2
9872 4675 261 395 112 1
13939 999 223 79 89 0
